##FastQC	0.12.1
>>Basic Statistics	pass
#Measure	Value
Filename	WAGO1_IP_PRG1_MUT_trimmed.fq
File type	Conventional base calls
Encoding	Sanger / Illumina 1.9
Total Sequences	608443
Total Bases	13.5 Mbp
Sequences flagged as poor quality	0
Sequence length	17-68
%GC	47
>>END_MODULE
>>Per base sequence quality	fail
#Base	Mean	Median	Lower Quartile	Upper Quartile	10th Percentile	90th Percentile
1	35.482531642240936	37.0	37.0	37.0	32.0	37.0
2	35.67351584289736	37.0	37.0	37.0	32.0	37.0
3	35.86794161490887	37.0	37.0	37.0	37.0	37.0
4	35.9576657139617	37.0	37.0	37.0	37.0	37.0
5	35.971579917921645	37.0	37.0	37.0	37.0	37.0
6	36.11957734742614	37.0	37.0	37.0	37.0	37.0
7	36.12019038759588	37.0	37.0	37.0	37.0	37.0
8	35.881771998363035	37.0	37.0	37.0	37.0	37.0
9	35.87201266182699	37.0	37.0	37.0	37.0	37.0
10	36.03640932675698	37.0	37.0	37.0	37.0	37.0
11	35.91290227679503	37.0	37.0	37.0	37.0	37.0
12	35.95113757574662	37.0	37.0	37.0	37.0	37.0
13	35.974263817646026	37.0	37.0	37.0	37.0	37.0
14	35.8214426002107	37.0	37.0	37.0	37.0	37.0
15	36.08487730157139	37.0	37.0	37.0	37.0	37.0
16	36.13209947357435	37.0	37.0	37.0	37.0	37.0
17	36.15336358541392	37.0	37.0	37.0	37.0	37.0
18	36.03760371317	37.0	37.0	37.0	37.0	37.0
19	36.06018479723779	37.0	37.0	37.0	37.0	37.0
20	35.9455750517471	37.0	37.0	37.0	37.0	37.0
21	35.88974852046174	37.0	37.0	37.0	37.0	37.0
22	35.632096820633876	37.0	37.0	37.0	32.0	37.0
23	34.708844825433815	37.0	37.0	37.0	32.0	37.0
24	32.5568697198755	37.0	32.0	37.0	14.0	37.0
25	29.864184472181087	37.0	14.0	37.0	14.0	37.0
26	26.77197483860288	32.0	14.0	37.0	14.0	37.0
27	25.39534666417492	28.0	14.0	37.0	14.0	37.0
28	27.30262112787927	32.0	14.0	37.0	14.0	37.0
29	26.67375518672199	32.0	14.0	37.0	14.0	37.0
30	24.233532934131738	14.0	14.0	37.0	14.0	37.0
31	23.038541325472213	14.0	14.0	37.0	14.0	37.0
32	24.05204542948506	14.0	14.0	37.0	14.0	37.0
33	26.400866859302067	32.0	14.0	37.0	14.0	37.0
34	25.65666145949565	32.0	14.0	37.0	14.0	37.0
35	24.87230235938723	28.0	14.0	37.0	14.0	37.0
36	23.501510912143257	14.0	14.0	37.0	14.0	37.0
37	27.944910984212296	32.0	14.0	37.0	14.0	37.0
38	28.78801791713326	37.0	14.0	37.0	14.0	37.0
39	28.981854838709676	37.0	14.0	37.0	14.0	37.0
40	24.901736694677872	21.0	14.0	37.0	14.0	37.0
41	26.253221288515405	32.0	14.0	37.0	14.0	37.0
42	26.859719887955183	32.0	14.0	37.0	14.0	37.0
43	23.64829131652661	14.0	14.0	37.0	14.0	37.0
44	24.463081232492996	21.0	14.0	37.0	14.0	37.0
45	23.19126050420168	14.0	14.0	37.0	14.0	37.0
46	24.48593837535014	21.0	14.0	37.0	14.0	37.0
47	23.73736694677871	14.0	14.0	37.0	14.0	37.0
48	23.36683473389356	14.0	14.0	37.0	14.0	37.0
49	24.008179271708684	14.0	14.0	37.0	14.0	37.0
50	23.11607843137255	14.0	14.0	37.0	14.0	37.0
51	22.630883012102196	14.0	14.0	37.0	14.0	37.0
52	24.23027790228597	14.0	14.0	37.0	14.0	37.0
53	24.45876288659794	21.0	14.0	37.0	14.0	37.0
54	25.54728821156432	32.0	14.0	37.0	14.0	37.0
55	25.458426714477813	32.0	14.0	37.0	14.0	37.0
56	24.701703272075303	21.0	14.0	37.0	14.0	37.0
57	22.578552218735993	14.0	14.0	37.0	14.0	37.0
58	23.03989242492156	14.0	14.0	37.0	14.0	37.0
59	22.65004482294935	14.0	14.0	37.0	14.0	37.0
60	23.5333930972658	14.0	14.0	37.0	14.0	37.0
61	22.357054802196572	14.0	14.0	37.0	14.0	37.0
62	23.9021629496806	14.0	14.0	37.0	14.0	37.0
63	25.230527849378014	28.0	14.0	37.0	14.0	37.0
64	23.726742882761712	14.0	14.0	37.0	14.0	37.0
65	23.34708520179372	14.0	14.0	37.0	14.0	37.0
66	23.692081780187507	14.0	14.0	37.0	14.0	37.0
67	24.892804532577905	28.0	14.0	37.0	14.0	37.0
68	23.822247065399665	14.0	14.0	37.0	14.0	37.0
>>END_MODULE
>>Per sequence quality scores	pass
#Quality	Count
15	1.0
16	2.0
17	1.0
18	6.0
19	42.0
20	131.0
21	409.0
22	997.0
23	1581.0
24	1968.0
25	1979.0
26	2222.0
27	2865.0
28	3864.0
29	5320.0
30	7241.0
31	10108.0
32	13030.0
33	17779.0
34	27502.0
35	61679.0
36	164162.0
37	285554.0
>>END_MODULE
>>Per base sequence content	fail
#Base	G	A	T	C
1	82.51027622965503	8.022937234876562	3.671995569017969	5.794790966450432
2	12.445537215482798	45.152791633727404	31.255516128873207	11.146155021916597
3	16.66318784175346	32.99175107610738	32.990107536778304	17.354953545360864
4	22.79342518526797	26.272140529186792	27.281766739037185	23.652667546508056
5	18.73585528964915	28.360750308574513	28.78231814648209	24.121076255294252
6	22.516160100453124	24.601811509048506	28.838691545469334	24.043336845029035
7	25.15239718428842	23.833292518773327	26.51801401281632	24.496296284121932
8	27.199096710784744	24.190269261048282	27.473074716941436	21.137559311225537
9	28.303719493855628	24.39899875584073	25.49507513440043	21.802206615903216
10	30.56046334660765	22.522569903836516	25.328420246432287	21.588546503123546
11	27.238541654682525	24.334407660208104	27.46715797535677	20.959892709752598
12	26.248637916781032	23.804037518715802	27.28308157050044	22.664242994002727
13	28.84773101177925	23.22633344454616	25.98106971400772	21.94486582966687
14	26.980177272152034	24.587348362952653	26.164817410998236	22.267656953897077
15	27.16639027813616	23.340230720051018	26.96702895751944	22.526350044293387
16	28.16714137560955	23.137582320776147	27.171485250056293	21.523791053558018
17	27.042138704858136	24.23530223866492	28.457226067191176	20.265332989285767
18	25.3472727850951	24.58585868730134	27.927778642577263	22.1390898850263
19	26.793889343974936	24.526249724240657	26.86178172173018	21.81807921005423
20	24.530234715716006	25.196533559181468	27.876313005830117	22.396918719272414
21	24.35339561724676	24.698636754472187	26.478186019878873	24.469781608402176
22	22.162521029599684	28.003693118948412	28.48341784832989	21.350368003122018
23	13.970496442095627	38.66360118180683	32.96679289251384	14.399109483583706
24	26.238328145842598	26.914184081814142	29.866607381058248	16.980880391285016
25	31.81722022424371	28.023411607079897	21.274945349411183	18.884422819265215
26	13.838768415825195	60.47012084092038	13.350438669094522	12.340672074159906
27	11.820220519529059	59.147822836852924	15.660624182395813	13.371332461222202
28	15.756552819698172	25.397140587768067	9.32287529785544	49.52343129467832
29	16.244813278008298	31.51452282157676	42.0746887966805	10.16597510373444
30	8.276304533789563	40.19461077844311	4.736954662104362	46.792130025662956
31	6.1578774975434	45.88928922371438	7.730101539469375	40.22273173927285
32	6.737236740544712	72.33432572499724	12.812879038482745	8.1155584959753
33	27.82840631251389	17.5705712380529	36.50811291398088	18.09290953545232
34	5.757643383173399	33.79825931711672	40.88373130997545	19.560365989734436
35	5.75869395057587	32.58414402325842	10.991837191099183	50.66532483506653
36	9.311695579182988	65.5735870173475	5.495243424734191	19.61947397873531
37	15.88847833389318	16.73944687045124	5.262568581345874	62.109506214309704
38	19.932810750279955	14.703247480403137	6.0246360582306835	59.33930571108622
39	53.6402329749104	14.829749103942651	15.0089605734767	16.52105734767025
40	10.745098039215687	64.4593837535014	16.750700280112042	8.044817927170868
41	15.394957983193278	24.661064425770306	48.90756302521008	11.03641456582633
42	29.34453781512605	15.103641456582634	15.798319327731091	39.753501400560225
43	6.263305322128851	47.641456582633054	28.829131652661065	17.26610644257703
44	5.23249299719888	76.81792717086834	7.450980392156863	10.49859943977591
45	11.159663865546218	46.44257703081232	34.59943977591036	7.798319327731093
46	15.46218487394958	23.31652661064426	6.778711484593837	54.44257703081232
47	15.417366946778714	30.229691876750703	44.71708683473389	9.635854341736696
48	7.8879551820728295	44.98599439775911	4.369747899159663	42.75630252100841
49	27.52941176470588	36.79551820728291	15.439775910364146	20.235294117647058
50	5.109243697478991	42.89075630252101	35.831932773109244	16.168067226890756
51	4.291797400268937	68.88166741371582	14.208874943971313	12.617660242043927
52	5.378753922008068	38.67099955177051	36.2617660242044	19.688480502017033
53	26.37830569251457	16.696548632900047	11.653966831017481	45.2711788435679
54	7.025997310623039	34.76019722097714	5.658897355445988	52.55490811295383
55	12.617660242043927	22.198565665620798	8.101748095024652	57.08202599731062
56	31.42088749439713	12.281488121918423	32.37337516808606	23.924249215598387
57	4.359031824294038	42.693859255939046	34.82743164500224	18.11967727476468
58	3.3281039892424924	44.397131331241596	6.824294038547736	45.45047064096818
59	5.479605558045719	38.637382339757956	36.7996414164052	19.083370685791127
60	8.49394890183774	35.23083818915285	38.81667413715822	17.458538771851188
61	13.190630953715118	32.029586461952256	7.889723187268856	46.890059397063766
62	7.878516194105122	38.92188725764878	47.18144121932086	6.01815532892525
63	32.926145915050995	16.28376106690575	33.26235570996302	17.527737308080244
64	10.972876036763058	29.444070836135396	13.304191885227528	46.27886124187402
65	5.885650224215247	34.42825112107623	54.932735426008975	4.753363228699552
66	4.90229300801988	42.88941601716932	48.10798599344855	4.1003049813622505
67	22.402266288951843	24.407932011331447	33.74504249291785	19.444759206798867
68	13.918390162101732	27.836780324203463	17.71939631078815	40.525433202906655
>>END_MODULE
>>Per sequence GC content	pass
#GC Content	Count
0	3.0
1	3.0
2	13.5
3	28.5
4	32.5
5	32.0
6	33.5
7	90.5
8	165.5
9	190.0
10	198.5
11	348.5
12	537.5
13	609.5
14	652.5
15	768.0
16	1209.0
17	1664.0
18	1864.5
19	2031.0
20	3292.5
21	4869.5
22	5302.5
23	5590.5
24	6371.0
25	9037.0
26	12027.0
27	12932.5
28	13912.0
29	15014.5
30	18694.5
31	23816.5
32	25588.0
33	27400.0
34	35658.5
35	42359.5
36	45378.0
37	50171.0
38	53602.5
39	65196.0
40	79009.5
41	84790.5
42	87858.0
43	97603.5
44	107013.5
45	110890.0
46	114413.5
47	114565.5
48	115497.5
49	116699.5
50	115245.5
51	113749.0
52	106996.5
53	99352.5
54	96630.0
55	91251.5
56	87234.0
57	77817.0
58	67628.5
59	64508.5
60	59567.5
61	48171.0
62	39382.0
63	36772.5
64	31280.0
65	27850.5
66	22847.0
67	17350.0
68	15724.5
69	12941.0
70	8942.5
71	6506.5
72	6005.5
73	5326.0
74	4223.0
75	2599.5
76	1579.5
77	1423.0
78	1332.5
79	1052.5
80	661.0
81	438.0
82	380.0
83	300.0
84	215.5
85	154.5
86	116.0
87	99.0
88	70.5
89	34.5
90	18.5
91	18.5
92	23.5
93	27.0
94	26.0
95	28.5
96	37.0
97	37.0
98	46.0
99	83.0
100	105.0
>>END_MODULE
>>Per base N content	pass
#Base	N-Count
1	0.0
2	0.0
3	0.0
4	0.0
5	0.0
6	0.0
7	0.0
8	0.0
9	0.0
10	0.0
11	0.0
12	0.0
13	0.0
14	0.0
15	0.0
16	0.0
17	0.0
18	0.0
19	0.0
20	0.0
21	0.0
22	0.0
23	0.0
24	0.0
25	0.0
26	0.0
27	0.0
28	0.0
29	0.0
30	0.0
31	0.0
32	0.0
33	0.0
34	0.0
35	0.0
36	0.0
37	0.0
38	0.0
39	0.0
40	0.0
41	0.0
42	0.0
43	0.0
44	0.0
45	0.0
46	0.0
47	0.0
48	0.0
49	0.0
50	0.0
51	0.0
52	0.0
53	0.0
54	0.0
55	0.0
56	0.0
57	0.0
58	0.0
59	0.0
60	0.0
61	0.0
62	0.0
63	0.0
64	0.0
65	0.0
66	0.0
67	0.0
68	0.0
>>END_MODULE
>>Sequence Length Distribution	warn
#Length	Count
16-17	11002.0
18-19	28327.0
20-21	148873.0
22-23	397751.0
24-25	10408.0
26-27	2010.0
28-29	720.0
30-31	283.0
32-33	107.0
34-35	27.0
36-37	5.0
38-39	5.0
40-41	0.0
42-43	0.0
44-45	0.0
46-47	0.0
48-49	0.0
50-51	1.0
52-53	0.0
54-55	0.0
56-57	0.0
58-59	0.0
60-61	1.0
62-63	1.0
64-65	69.0
66-67	7064.0
68-69	1789.0
>>END_MODULE
>>Sequence Duplication Levels	fail
#Total Deduplicated Percentage	47.639618118078644
#Duplication Level	Percentage of total
1	35.03397907173941
2	10.88383423542809
3	6.822073895567084
4	5.1250074340791665
5	4.078971833532089
6	3.324077044468248
7	2.749679102902181
8	2.446498673918636
9	2.1258830467326053
>10	21.497677837307968
>50	3.1116770041935027
>100	2.5627606095927997
>500	0.23788021053825012
>1k	0.0
>5k	0.0
>10k+	0.0
>>END_MODULE
>>Overrepresented sequences	warn
#Sequence	Count	Percentage	Possible Source
AGTGGCTGGTTGAGATTT	869	0.14282356769656318	No Hit
>>END_MODULE
>>Adapter Content	pass
#Position	Illumina Universal Adapter	Illumina Small RNA 3' Adapter	Illumina Small RNA 5' Adapter	Nextera Transposase Sequence	PolyA	PolyG
1	0.0	9.86123597444625E-4	0.0	0.0	8.217696645371875E-4	0.01988682588179994
2	0.0	0.0018078932619818126	0.0	0.0	0.001643539329074375	0.025310505667745377
3	0.0	0.004108848322685938	0.0	0.0	0.00197224719488925	0.025310505667745377
4	0.0	0.012326544968057813	0.0	0.0	0.0024653089936115626	0.025474859600652815
5	0.0	0.15794412952404743	0.0	0.0	0.0027940168594264374	0.025639213533560253
6	0.0	0.1590946070543995	0.0	0.0	0.0027940168594264374	0.026132275332282563
7	0.0	0.1595876688531218	0.0	0.0	0.00328707865814875	0.026625337131004876
8	0.0	0.15975202278602926	0.0	0.0	0.003451432591056188	0.02711839892972719
9	0.0	0.16008073065184414	0.0	0.0	0.0037801404568710627	0.02711839892972719
10	0.0	0.16024508458475156	0.0	0.0	0.004108848322685938	0.027447106795542065
11	0.0	0.1607381463834739	0.0	0.0	0.0046019101214082505	0.027611460728449503
12	0.0	0.1612312081821962	0.0	0.0	0.004930617987223125	0.028104522527171813
13	0.0	0.16139556211510364	1.643539329074375E-4	0.0	0.004930617987223125	0.028104522527171813
14	0.0	0.16139556211510364	1.643539329074375E-4	0.0	0.004930617987223125	0.028104522527171813
15	0.0	0.16139556211510364	1.643539329074375E-4	0.0	0.004930617987223125	0.028104522527171813
16	0.0	0.16139556211510364	1.643539329074375E-4	0.0	0.004930617987223125	0.028104522527171813
17	0.0	0.16139556211510364	1.643539329074375E-4	0.0	0.005259325853038	0.028104522527171813
18	0.0	0.16155991604801107	1.643539329074375E-4	0.0	0.005259325853038	0.028104522527171813
19	0.0	0.16172426998091852	1.643539329074375E-4	0.0	0.005259325853038	0.028104522527171813
20	0.0	0.16221733177964082	1.643539329074375E-4	0.0	0.005259325853038	0.028104522527171813
21	0.0	0.16221733177964082	1.643539329074375E-4	0.0	0.005259325853038	0.028104522527171813
22	0.0	0.16271039357836314	1.643539329074375E-4	0.0	0.005259325853038	0.028104522527171813
23	0.0	0.16320345537708544	1.643539329074375E-4	0.0	0.005259325853038	0.028104522527171813
24	0.0	0.1633678093099929	1.643539329074375E-4	0.0	0.005423679785945438	0.028104522527171813
25	0.0	0.16402522504162265	1.643539329074375E-4	0.0	0.005423679785945438	0.028104522527171813
26	0.0	0.16501134863906725	1.643539329074375E-4	0.0	0.005423679785945438	0.028104522527171813
27	0.0	0.16796971943140113	1.643539329074375E-4	0.0	0.005423679785945438	0.028104522527171813
28	0.0	0.16895584302884575	1.643539329074375E-4	0.0	0.005423679785945438	0.028104522527171813
29	0.0	0.1691201969617532	1.643539329074375E-4	0.0	0.005423679785945438	0.028104522527171813
30	0.0	0.16928455089466063	1.643539329074375E-4	0.0	0.005423679785945438	0.028104522527171813
31	0.0	0.16928455089466063	1.643539329074375E-4	0.0	0.005423679785945438	0.028104522527171813
32	0.0	0.16928455089466063	1.643539329074375E-4	0.0	0.005423679785945438	0.028104522527171813
33	0.0	0.16928455089466063	1.643539329074375E-4	0.0	0.005423679785945438	0.028104522527171813
34	0.0	0.16928455089466063	1.643539329074375E-4	0.0	0.005423679785945438	0.028104522527171813
35	0.0	0.16928455089466063	1.643539329074375E-4	0.0	0.005423679785945438	0.028104522527171813
36	0.0	0.16928455089466063	1.643539329074375E-4	0.0	0.005423679785945438	0.028104522527171813
37	0.0	0.16928455089466063	1.643539329074375E-4	0.0	0.005423679785945438	0.028104522527171813
38	0.0	0.16928455089466063	1.643539329074375E-4	0.0	0.005423679785945438	0.028104522527171813
39	0.0	0.16928455089466063	1.643539329074375E-4	0.0	0.005423679785945438	0.028104522527171813
40	0.0	0.16928455089466063	1.643539329074375E-4	0.0	0.005423679785945438	0.028104522527171813
41	0.0	0.16928455089466063	1.643539329074375E-4	0.0	0.005423679785945438	0.028104522527171813
42	0.0	0.16928455089466063	1.643539329074375E-4	0.0	0.005423679785945438	0.028104522527171813
43	0.0	0.16928455089466063	1.643539329074375E-4	0.0	0.005423679785945438	0.028104522527171813
44	0.0	0.16928455089466063	1.643539329074375E-4	0.0	0.005423679785945438	0.028104522527171813
45	0.0	0.16928455089466063	1.643539329074375E-4	0.0	0.005423679785945438	0.028104522527171813
46	0.0	0.16928455089466063	1.643539329074375E-4	0.0	0.005423679785945438	0.028104522527171813
47	0.0	0.16928455089466063	1.643539329074375E-4	0.0	0.005423679785945438	0.028104522527171813
48	0.0	0.16928455089466063	1.643539329074375E-4	0.0	0.005423679785945438	0.028104522527171813
49	0.0	0.16928455089466063	1.643539329074375E-4	0.0	0.005423679785945438	0.028104522527171813
50	0.0	0.16928455089466063	1.643539329074375E-4	0.0	0.005423679785945438	0.028104522527171813
51	0.0	0.16928455089466063	1.643539329074375E-4	0.0	0.005423679785945438	0.028104522527171813
52	0.0	0.16928455089466063	1.643539329074375E-4	0.0	0.005423679785945438	0.028104522527171813
53	0.0	0.16928455089466063	1.643539329074375E-4	0.0	0.005423679785945438	0.028104522527171813
54	0.0	0.16928455089466063	1.643539329074375E-4	0.0	0.005423679785945438	0.028104522527171813
55	0.0	0.16928455089466063	1.643539329074375E-4	0.0	0.005423679785945438	0.028104522527171813
56	0.0	0.16928455089466063	1.643539329074375E-4	0.0	0.005423679785945438	0.02826887646007925
57	0.0	0.16928455089466063	1.643539329074375E-4	0.0	0.005588033718852875	0.02826887646007925
>>END_MODULE
