##FastQC	0.12.1
>>Basic Statistics	pass
#Measure	Value
Filename	WAGO1_IP_WT_trimmed.fq
File type	Conventional base calls
Encoding	Sanger / Illumina 1.9
Total Sequences	1991801
Total Bases	44.7 Mbp
Sequences flagged as poor quality	0
Sequence length	17-68
%GC	44
>>END_MODULE
>>Per base sequence quality	fail
#Base	Mean	Median	Lower Quartile	Upper Quartile	10th Percentile	90th Percentile
1	35.47292575914963	37.0	37.0	37.0	32.0	37.0
2	35.842236247496615	37.0	37.0	37.0	37.0	37.0
3	35.95889147560424	37.0	37.0	37.0	37.0	37.0
4	36.05250624936929	37.0	37.0	37.0	37.0	37.0
5	36.072892322074345	37.0	37.0	37.0	37.0	37.0
6	36.21031518710956	37.0	37.0	37.0	37.0	37.0
7	36.20426237360058	37.0	37.0	37.0	37.0	37.0
8	35.988733814271605	37.0	37.0	37.0	37.0	37.0
9	35.97826539900321	37.0	37.0	37.0	37.0	37.0
10	36.136210394512304	37.0	37.0	37.0	37.0	37.0
11	36.02400992870272	37.0	37.0	37.0	37.0	37.0
12	36.06334016299821	37.0	37.0	37.0	37.0	37.0
13	36.07317548289212	37.0	37.0	37.0	37.0	37.0
14	35.95523749611532	37.0	37.0	37.0	37.0	37.0
15	36.17333809953906	37.0	37.0	37.0	37.0	37.0
16	36.21032271798237	37.0	37.0	37.0	37.0	37.0
17	36.23035885613071	37.0	37.0	37.0	37.0	37.0
18	36.13794986222671	37.0	37.0	37.0	37.0	37.0
19	36.171072068797386	37.0	37.0	37.0	37.0	37.0
20	36.070258212546634	37.0	37.0	37.0	37.0	37.0
21	36.028539079556936	37.0	37.0	37.0	37.0	37.0
22	35.83428419602829	37.0	37.0	37.0	37.0	37.0
23	35.571475254293645	37.0	37.0	37.0	32.0	37.0
24	35.20861378342292	37.0	37.0	37.0	32.0	37.0
25	33.39702159047866	37.0	37.0	37.0	14.0	37.0
26	28.754779358919073	37.0	14.0	37.0	14.0	37.0
27	26.43836277632976	32.0	14.0	37.0	14.0	37.0
28	27.446029534689327	32.0	14.0	37.0	14.0	37.0
29	26.39679310757449	32.0	14.0	37.0	14.0	37.0
30	23.277767441860465	14.0	14.0	37.0	14.0	37.0
31	23.376689829437776	14.0	14.0	37.0	14.0	37.0
32	22.635639653414884	14.0	14.0	37.0	14.0	37.0
33	27.102490052624823	32.0	14.0	37.0	14.0	37.0
34	25.315385607428425	28.0	14.0	37.0	14.0	37.0
35	24.96638655462185	28.0	14.0	37.0	14.0	37.0
36	23.432243444480413	14.0	14.0	37.0	14.0	37.0
37	27.708408914226485	32.0	14.0	37.0	14.0	37.0
38	27.840945902170393	37.0	14.0	37.0	14.0	37.0
39	28.95334370139969	37.0	14.0	37.0	14.0	37.0
40	24.40807465491543	14.0	14.0	37.0	14.0	37.0
41	25.61382930464649	32.0	14.0	37.0	14.0	37.0
42	26.946860216447412	32.0	14.0	37.0	14.0	37.0
43	23.70163955673644	14.0	14.0	37.0	14.0	37.0
44	24.05618560041475	21.0	14.0	37.0	14.0	37.0
45	25.06286454957874	28.0	14.0	37.0	14.0	37.0
46	25.01594296824368	28.0	14.0	37.0	14.0	37.0
47	24.505249513933894	21.0	14.0	37.0	14.0	37.0
48	23.06260531432275	14.0	14.0	37.0	14.0	37.0
49	25.96798444588464	32.0	14.0	37.0	14.0	37.0
50	23.763188593648735	14.0	14.0	37.0	14.0	37.0
51	21.953661697990928	14.0	14.0	32.0	14.0	37.0
52	23.687167854828257	14.0	14.0	37.0	14.0	37.0
53	27.02145171743357	32.0	14.0	37.0	14.0	37.0
54	25.067854828256642	28.0	14.0	37.0	14.0	37.0
55	24.71808165910564	21.0	14.0	37.0	14.0	37.0
56	26.445819831497083	32.0	14.0	37.0	14.0	37.0
57	23.330913804277383	14.0	14.0	37.0	14.0	37.0
58	23.680168502916395	14.0	14.0	37.0	14.0	37.0
59	23.149967595593	14.0	14.0	37.0	14.0	37.0
60	23.851717433570965	14.0	14.0	37.0	14.0	37.0
61	23.58094620868438	14.0	14.0	37.0	14.0	37.0
62	24.4250162022035	14.0	14.0	37.0	14.0	37.0
63	27.111795204147764	32.0	14.0	37.0	14.0	37.0
64	25.38213753321667	32.0	14.0	37.0	14.0	37.0
65	24.234169421219782	14.0	14.0	37.0	14.0	37.0
66	23.494951481772883	14.0	14.0	37.0	14.0	37.0
67	24.23167426796219	14.0	14.0	37.0	14.0	37.0
68	21.769330828154356	14.0	14.0	32.0	14.0	37.0
>>END_MODULE
>>Per sequence quality scores	pass
#Quality	Count
15	1.0
16	0.0
17	4.0
18	12.0
19	44.0
20	149.0
21	631.0
22	1697.0
23	3027.0
24	3880.0
25	4464.0
26	5700.0
27	8066.0
28	11202.0
29	16424.0
30	23154.0
31	32156.0
32	41893.0
33	57091.0
34	86394.0
35	184514.0
36	549287.0
37	962011.0
>>END_MODULE
>>Per base sequence content	fail
#Base	G	A	T	C
1	85.19134190614423	8.447882092638773	2.5039147987173416	3.856861202499647
2	9.591470232216974	48.40809900185812	33.76888554629704	8.231545219627865
3	16.643982004226327	36.380592237879185	33.242778771574066	13.732646986320422
4	22.282195861936007	30.341334299962696	27.648645622730385	19.727824215370912
5	19.01103574102031	31.66576379869274	28.968004333766274	20.35519612652067
6	22.706736265319677	28.60697429110639	28.690818008425538	19.99547143514839
7	25.388530279882378	26.6338856140749	27.284000761120215	20.69358334492251
8	27.72134364828615	26.056317875129093	27.271047659881688	18.95129081670307
9	28.846807487294164	26.236556764455887	25.979904618985532	18.93673112926442
10	29.81542834851474	25.558778211277133	26.275717303083994	18.35007613712414
11	26.36483263137231	27.12816189970785	29.149247339468147	17.357758129451685
12	24.600349131263616	26.880998653981997	29.146937871805466	19.37171434294892
13	26.830642217771754	26.883508944919697	27.93105335322153	18.354795484087013
14	25.642320693683757	27.63443737602301	28.73896538861061	17.98427654168263
15	25.232691418470015	26.52950771688537	28.90399191485495	19.333808949789663
16	28.341887568085365	24.887426002898884	26.80664383640735	19.964042592608397
17	26.58960408193389	26.279884386040575	28.689713480412955	18.440798051612585
18	25.83268241921244	26.011749529942474	29.414889692319047	18.74067835852604
19	26.411213493917096	25.882678990520812	29.2033151553727	18.50279236018939
20	24.511370082858306	27.845473161205696	31.103708905633482	16.539447850302523
21	25.435737979474066	25.720928622278194	29.786464047153828	19.056869351093916
22	26.217066459226857	27.358857499664246	27.620366542888817	18.803709498220076
23	14.05025246625781	36.407597922940106	35.911838180809696	13.630311429992389
24	13.39107809236879	33.01653599917834	42.09798349823684	11.49440241021603
25	15.771216682283049	31.115807101134347	40.782679771136934	12.330296445445665
26	13.565473623688371	44.717550668391546	29.491878683340524	12.225097024579561
27	12.785983203011874	44.1403610387103	33.33816005405927	9.735495704218554
28	23.761493452215102	23.82836444692115	23.711340206185564	28.698801894678184
29	35.539069043915276	23.022615771209765	32.864664353236805	8.573650831638147
30	15.795348837209303	53.668217054263565	6.542635658914729	23.993798449612402
31	5.957043588123816	70.06317119393557	7.35312697409981	16.626658243840808
32	4.752803261977574	66.52013251783893	23.44546381243629	5.281600407747197
33	11.224489795918368	24.348607367475292	51.803362854575795	12.623539982030549
34	3.5078669074026307	34.111426360588084	35.40108331183905	26.979623420170235
35	4.162895927601809	36.489980607627665	21.118293471234647	38.228829993535875
36	8.060861120103594	48.26157332470055	13.357073486565232	30.32049206863062
37	25.751490023322106	12.70406841150557	8.324695516973309	53.21974604819901
38	42.42306446388079	11.681243926141885	30.443796566245545	15.451895043731778
39	53.62234318299637	12.001036806635563	18.014515292897876	16.362104717470192
40	19.311774998379885	40.83338733717841	28.345538202320004	11.509299462121703
41	22.91491154170177	22.610329855485713	20.342168362387405	34.13259024042512
42	14.095003564253775	18.929427775257597	5.560235888795282	61.41533277169334
43	5.8972198820556025	43.69775127989113	2.8384420970773117	47.56658674097596
44	4.918670209318903	66.30808113537684	2.9745317866632104	25.798716868641048
45	6.429034348671419	71.03046014257939	13.350615683732988	9.189889825016202
46	20.64808813998704	39.39079714841218	4.4069993519118595	35.55411535968892
47	31.01101749837978	28.736228127025278	28.45106934543098	11.801685029163966
48	12.488658457550226	55.82631237848348	3.622812702527544	28.062216461438755
49	13.370058327932599	65.10693454309786	5.949449125081011	15.573558003888529
50	3.1108230719377836	56.779001944264415	14.841218405703174	25.26895657809462
51	2.8710304601425793	59.37783538561244	15.787427090084252	21.963707064160726
52	3.4024627349319507	37.44653272845107	26.241088788075178	32.9099157485418
53	10.460142579390796	22.235904082955283	6.798444588464031	60.505508749189886
54	3.927414128321452	49.721322099805576	3.882047958522359	42.469215813350615
55	15.327284510693454	36.73363577446533	9.889825016202204	38.04925469863901
56	23.843162670123135	22.145171743357096	36.9151004536617	17.096565132858068
57	3.3182112767336363	43.259883344134806	26.616979909267663	26.8049254698639
58	2.4886584575502266	52.92935839274141	5.204147764095917	39.37783538561244
59	2.7154893065456904	48.904731043421904	19.241736876215164	29.13804277381724
60	4.91250810110175	31.335061568373302	43.99222294232016	19.760207388204794
61	16.785482825664293	30.82955281918341	19.105638366817885	33.27932598833441
62	13.285806869734284	49.753726506804924	25.06804925469864	11.892417368762151
63	16.94102397926118	34.40699935191186	7.563188593648736	41.08878807517822
64	3.0138051720785533	25.251150431006547	6.034091645602437	65.70095275131246
65	2.4045628362175124	60.6909067340722	17.75876596020481	19.145764469505476
66	2.5635982166273275	67.95174403356937	21.990558615263573	7.494099134539732
67	10.489787824707514	39.870447484962654	33.08876991208937	16.550994778240465
68	4.971816736522619	36.53707183118948	23.775112010406126	34.715999421881776
>>END_MODULE
>>Per sequence GC content	pass
#GC Content	Count
0	22.0
1	20.5
2	101.0
3	213.5
4	245.5
5	247.0
6	293.5
7	537.0
8	797.0
9	887.0
10	1031.5
11	2064.0
12	3078.0
13	3332.5
14	3640.5
15	5239.0
16	8239.5
17	10139.0
18	11066.5
19	12419.5
20	20228.0
21	28275.5
22	29531.0
23	31168.5
24	37935.0
25	52423.5
26	63728.0
27	67219.5
28	77575.0
29	87504.0
30	107210.0
31	131451.5
32	137638.5
33	153169.0
34	196961.5
35	227674.0
36	233856.5
37	252389.0
38	269439.0
39	304729.5
40	342015.5
41	355033.0
42	364289.0
43	376115.5
44	387049.0
45	387600.5
46	382128.0
47	375656.0
48	356287.0
49	337723.5
50	320409.5
51	302999.0
52	275217.0
53	244725.0
54	227992.5
55	208900.5
56	200715.5
57	168046.5
58	135877.5
59	121607.0
60	105385.0
61	81460.0
62	61098.5
63	53527.0
64	44295.0
65	41079.5
66	31026.5
67	19388.5
68	16364.0
69	14176.5
70	9635.0
71	6310.5
72	5349.0
73	4316.5
74	3590.5
75	2231.0
76	1108.0
77	865.0
78	803.0
79	635.5
80	364.5
81	199.0
82	165.0
83	124.5
84	88.0
85	55.5
86	36.0
87	34.0
88	37.0
89	38.0
90	36.0
91	36.0
92	33.0
93	23.0
94	16.0
95	16.0
96	22.5
97	25.5
98	26.0
99	54.0
100	79.0
>>END_MODULE
>>Per base N content	pass
#Base	N-Count
1	0.0
2	0.0
3	0.0
4	0.0
5	0.0
6	0.0
7	0.0
8	0.0
9	0.0
10	0.0
11	0.0
12	0.0
13	0.0
14	0.0
15	0.0
16	0.0
17	0.0
18	0.0
19	0.0
20	0.0
21	0.0
22	0.0
23	0.0
24	0.0
25	0.0
26	0.0
27	0.0
28	0.0
29	0.0
30	0.0
31	0.0
32	0.0
33	0.0
34	0.0
35	0.0
36	0.0
37	0.0
38	0.0
39	0.0
40	0.0
41	0.0
42	0.0
43	0.0
44	0.0
45	0.0
46	0.0
47	0.0
48	0.0
49	0.0
50	0.0
51	0.0
52	0.0
53	0.0
54	0.0
55	0.0
56	0.0
57	0.0
58	0.0
59	0.0
60	0.0
61	0.0
62	0.0
63	0.0
64	0.0
65	0.0
66	0.0
67	0.0
68	0.0
>>END_MODULE
>>Sequence Length Distribution	warn
#Length	Count
16-17	26616.0
18-19	68453.0
20-21	176715.0
22-23	1573972.0
24-25	118217.0
26-27	9883.0
28-29	1820.0
30-31	429.0
32-33	188.0
34-35	63.0
36-37	10.0
38-39	4.0
40-41	0.0
42-43	0.0
44-45	1.0
46-47	0.0
48-49	0.0
50-51	0.0
52-53	0.0
54-55	0.0
56-57	0.0
58-59	0.0
60-61	0.0
62-63	1.0
64-65	177.0
66-67	8333.0
68-69	6919.0
>>END_MODULE
>>Sequence Duplication Levels	fail
#Total Deduplicated Percentage	46.674931015898714
#Duplication Level	Percentage of total
1	36.01950364830239
2	9.878544964421359
3	5.511270887328589
4	3.968899199880345
5	2.968628199280105
6	2.494292812159497
7	2.0472205414821
8	1.808706068286695
9	1.582933853825953
>10	19.865010785186122
>50	5.375285381835644
>100	6.893461822981754
>500	1.056392060228751
>1k	0.5298497748006918
>5k	0.0
>10k+	0.0
>>END_MODULE
>>Overrepresented sequences	warn
#Sequence	Count	Percentage	Possible Source
GTGATCTGACTGTAGCCGTTTAA	2410	0.1209960231970965	No Hit
GTGATCTGACTGTAGCCGTTTA	2011	0.1009639015142577	No Hit
>>END_MODULE
>>Adapter Content	pass
#Position	Illumina Universal Adapter	Illumina Small RNA 3' Adapter	Illumina Small RNA 5' Adapter	Nextera Transposase Sequence	PolyA	PolyG
1	0.0	1.004116375079639E-4	0.0	0.0	0.0032131724002548447	0.005723463337953942
2	0.0	2.008232750159278E-4	0.0	0.0	0.007179432081819419	0.006275727344247743
3	0.0	7.028814625557473E-4	0.0	0.0	0.00798272518188313	0.006275727344247743
4	0.0	0.0017572036563893681	0.0	0.0	0.00848478336942295	0.006275727344247743
5	0.0	0.029721844702357315	0.0	0.0	0.009388488106994624	0.006627168075525617
6	0.0	0.03012349125238917	0.0	0.0	0.010091369569550371	0.006627168075525617
7	0.0	0.030274108708651114	0.0	0.0	0.010442810300828245	0.007079020444311455
8	0.0	0.03042472616491306	0.0	0.0	0.011296309219645938	0.007129226263065436
9	0.0	0.03057534362117501	0.0	0.0	0.011798367407185758	0.007179432081819419
10	0.0	0.030725961077436952	0.0	0.0	0.012802483782265396	0.007530872813097293
11	0.0	0.030725961077436952	0.0	0.0	0.013555571063575127	0.007581078631851274
12	0.0	0.03092678435245288	0.0	0.0	0.014258452526130873	0.0076312844506052566
13	0.0	0.030976990171206864	0.0	0.0	0.015362980538718476	0.007681490269359238
14	0.0	0.031027195989960843	0.0	0.0	0.01646750855130608	0.007681490269359238
15	0.0	0.031127607627468808	0.0	0.0	0.017170390013861826	0.007681490269359238
16	0.0	0.031228019264976772	0.0	0.0	0.01747162492638572	0.007681490269359238
17	0.0	0.031378636721238716	0.0	0.0	0.01757203656389368	0.007681490269359238
18	0.0	0.03152925417750067	0.0	0.0	0.01757203656389368	0.007681490269359238
19	0.0	0.03173007745251659	0.0	0.0	0.01757203656389368	0.007681490269359238
20	0.0	0.03173007745251659	0.0	0.0	0.01757203656389368	0.007681490269359238
21	0.0	0.031780283271270575	0.0	0.0	0.01757203656389368	0.007681490269359238
22	0.0	0.03208151818379446	0.0	0.0	0.01757203656389368	0.007681490269359238
23	0.0	0.03233254727756438	0.0	0.0	0.01757203656389368	0.007681490269359238
24	0.0	0.0325333705525803	0.0	0.0	0.01757203656389368	0.007681490269359238
25	0.0	0.033035428740120124	0.0	0.0	0.01757203656389368	0.007681490269359238
26	0.0	0.033587692746413926	0.0	0.0	0.017622242382647663	0.007681490269359238
27	0.0	0.038307039709288226	0.0	0.0	0.017622242382647663	0.007681490269359238
28	0.0	0.04041568409695547	0.0	0.0	0.017622242382647663	0.007681490269359238
29	0.0	0.04071691900947936	0.0	0.0	0.017622242382647663	0.007681490269359238
30	0.0	0.04091774228449529	0.0	0.0	0.017672448201401646	0.007681490269359238
31	0.0	0.04111856555951122	0.0	0.0	0.017672448201401646	0.007681490269359238
32	0.0	0.04111856555951122	0.0	0.0	0.017672448201401646	0.007681490269359238
33	0.0	0.0411687713782652	0.0	0.0	0.017672448201401646	0.007681490269359238
34	0.0	0.04121897719701918	0.0	0.0	0.017672448201401646	0.007681490269359238
35	0.0	0.04121897719701918	0.0	0.0	0.017672448201401646	0.007681490269359238
36	0.0	0.04121897719701918	0.0	0.0	0.017672448201401646	0.007681490269359238
37	0.0	0.04121897719701918	0.0	0.0	0.017672448201401646	0.007681490269359238
38	0.0	0.04121897719701918	0.0	0.0	0.017672448201401646	0.007681490269359238
39	0.0	0.04121897719701918	0.0	0.0	0.017672448201401646	0.007681490269359238
40	0.0	0.04121897719701918	0.0	0.0	0.017672448201401646	0.007681490269359238
41	0.0	0.04121897719701918	0.0	0.0	0.017672448201401646	0.007681490269359238
42	0.0	0.04121897719701918	0.0	0.0	0.017672448201401646	0.007681490269359238
43	0.0	0.04121897719701918	0.0	0.0	0.017672448201401646	0.007681490269359238
44	0.0	0.04121897719701918	0.0	0.0	0.017672448201401646	0.007681490269359238
45	0.0	0.04121897719701918	0.0	0.0	0.017672448201401646	0.007681490269359238
46	0.0	0.04121897719701918	0.0	0.0	0.017672448201401646	0.007681490269359238
47	0.0	0.04121897719701918	0.0	0.0	0.017672448201401646	0.007681490269359238
48	0.0	0.04121897719701918	0.0	0.0	0.017722654020155628	0.007681490269359238
49	0.0	0.04121897719701918	0.0	0.0	0.017722654020155628	0.007681490269359238
50	0.0	0.04121897719701918	0.0	0.0	0.017722654020155628	0.007681490269359238
51	0.0	0.04121897719701918	0.0	0.0	0.017722654020155628	0.007681490269359238
52	0.0	0.04121897719701918	0.0	0.0	0.017722654020155628	0.007681490269359238
53	0.0	0.04121897719701918	0.0	0.0	0.01777285983890961	0.007681490269359238
54	0.0	0.04121897719701918	0.0	0.0	0.017823065657663593	0.007681490269359238
55	0.0	0.04121897719701918	0.0	0.0	0.017823065657663593	0.007681490269359238
56	0.0	0.04121897719701918	0.0	0.0	0.017823065657663593	0.007681490269359238
57	0.0	0.04121897719701918	0.0	0.0	0.017873271476417575	0.007681490269359238
>>END_MODULE
